4
3240 1200 1200 3
1 2 0 1199 0 1199 0 2
101 102 0 1199 0 1199 0 2
201 202 0 1199 0 1199 0 2
301 302 0 1199 0 1199 0 2
401 402 0 1199 0 1199 0 2
501 502 0 1199 0 1199 0 2
601 602 0 1199 0 1199 0 2
701 702 0 1199 0 1199 0 2
801 802 0 1199 0 1199 0 2
901 902 0 1199 0 1199 0 2
1001 1002 0 1199 0 1199 0 2
1101 1102 0 1199 0 1199 0 2
1201 1202 0 1199 0 1199 0 2
1301 1302 0 1199 0 1199 0 2
1401 1402 0 1199 0 1199 0 2
1501 1502 0 1199 0 1199 0 2
1601 1602 0 1199 0 1199 0 2
1701 1702 0 1199 0 1199 0 2
1801 1802 0 1199 0 1199 0 2
1901 1902 0 1199 0 1199 0 2
2001 2002 0 1199 0 1199 0 2
2101 2102 0 1199 0 1199 0 2
2201 2202 0 1199 0 1199 0 2
2301 2302 0 1199 0 1199 0 2
2401 2402 0 1199 0 1199 0 2
2501 2502 0 1199 0 1199 0 2
2601 2602 0 1199 0 1199 0 2
2701 2702 0 1199 0 1199 0 2
2801 2802 0 1199 0 1199 0 2
2901 2902 0 1199 0 1199 0 2
3001 3002 0 1199 0 1199 0 2
3101 3102 0 1199 0 1199 0 2
