2
65536 65536
8805 15357 0 65535
37303 43855 0 65535
55537 62089 0 65535
52577 59129 0 65535
50054 56606 0 65535
4135 10687 0 65535
16716 23268 0 65535
7727 14279 0 65535
32468 39020 0 65535
49870 56422 0 65535
29457 36009 0 65535
30949 37501 0 65535
42702 49254 0 65535
24878 31430 0 65535
51689 58241 0 65535
13759 20311 0 65535
6151 12703 0 65535
31972 38524 0 65535
1857 8409 0 65535
58544 65096 0 65535
54772 61324 0 65535
25546 32098 0 65535
28361 34913 0 65535
39809 46361 0 65535
49956 56508 0 65535