4
3240 1200 1200 3
1 2 0 1199 0 1199 0 2
11 12 0 1199 0 1199 0 2
21 22 0 1199 0 1199 0 2
31 32 0 1199 0 1199 0 2
41 42 0 1199 0 1199 0 2
51 52 0 1199 0 1199 0 2
61 62 0 1199 0 1199 0 2
71 72 0 1199 0 1199 0 2
81 82 0 1199 0 1199 0 2
91 92 0 1199 0 1199 0 2
101 102 0 1199 0 1199 0 2
111 112 0 1199 0 1199 0 2
121 122 0 1199 0 1199 0 2
131 132 0 1199 0 1199 0 2
141 142 0 1199 0 1199 0 2
151 152 0 1199 0 1199 0 2
161 162 0 1199 0 1199 0 2
171 172 0 1199 0 1199 0 2
181 182 0 1199 0 1199 0 2
191 192 0 1199 0 1199 0 2
201 202 0 1199 0 1199 0 2
211 212 0 1199 0 1199 0 2
221 222 0 1199 0 1199 0 2
231 232 0 1199 0 1199 0 2
241 242 0 1199 0 1199 0 2
251 252 0 1199 0 1199 0 2
261 262 0 1199 0 1199 0 2
271 272 0 1199 0 1199 0 2
281 282 0 1199 0 1199 0 2
291 292 0 1199 0 1199 0 2
301 302 0 1199 0 1199 0 2
311 312 0 1199 0 1199 0 2
321 322 0 1199 0 1199 0 2
331 332 0 1199 0 1199 0 2
341 342 0 1199 0 1199 0 2
351 352 0 1199 0 1199 0 2
361 362 0 1199 0 1199 0 2
371 372 0 1199 0 1199 0 2
381 382 0 1199 0 1199 0 2
391 392 0 1199 0 1199 0 2
401 402 0 1199 0 1199 0 2
411 412 0 1199 0 1199 0 2
421 422 0 1199 0 1199 0 2
431 432 0 1199 0 1199 0 2
441 442 0 1199 0 1199 0 2
451 452 0 1199 0 1199 0 2
461 462 0 1199 0 1199 0 2
471 472 0 1199 0 1199 0 2
481 482 0 1199 0 1199 0 2
491 492 0 1199 0 1199 0 2
501 502 0 1199 0 1199 0 2
511 512 0 1199 0 1199 0 2
521 522 0 1199 0 1199 0 2
531 532 0 1199 0 1199 0 2
541 542 0 1199 0 1199 0 2
551 552 0 1199 0 1199 0 2
561 562 0 1199 0 1199 0 2
571 572 0 1199 0 1199 0 2
581 582 0 1199 0 1199 0 2
591 592 0 1199 0 1199 0 2
601 602 0 1199 0 1199 0 2
611 612 0 1199 0 1199 0 2
621 622 0 1199 0 1199 0 2
631 632 0 1199 0 1199 0 2
641 642 0 1199 0 1199 0 2
651 652 0 1199 0 1199 0 2
661 662 0 1199 0 1199 0 2
671 672 0 1199 0 1199 0 2
681 682 0 1199 0 1199 0 2
691 692 0 1199 0 1199 0 2
701 702 0 1199 0 1199 0 2
711 712 0 1199 0 1199 0 2
721 722 0 1199 0 1199 0 2
731 732 0 1199 0 1199 0 2
741 742 0 1199 0 1199 0 2
751 752 0 1199 0 1199 0 2
761 762 0 1199 0 1199 0 2
771 772 0 1199 0 1199 0 2
781 782 0 1199 0 1199 0 2
791 792 0 1199 0 1199 0 2
801 802 0 1199 0 1199 0 2
811 812 0 1199 0 1199 0 2
821 822 0 1199 0 1199 0 2
831 832 0 1199 0 1199 0 2
841 842 0 1199 0 1199 0 2
851 852 0 1199 0 1199 0 2
861 862 0 1199 0 1199 0 2
871 872 0 1199 0 1199 0 2
881 882 0 1199 0 1199 0 2
891 892 0 1199 0 1199 0 2
901 902 0 1199 0 1199 0 2
911 912 0 1199 0 1199 0 2
921 922 0 1199 0 1199 0 2
931 932 0 1199 0 1199 0 2
941 942 0 1199 0 1199 0 2
951 952 0 1199 0 1199 0 2
961 962 0 1199 0 1199 0 2
971 972 0 1199 0 1199 0 2
981 982 0 1199 0 1199 0 2
991 992 0 1199 0 1199 0 2
1001 1002 0 1199 0 1199 0 2
1011 1012 0 1199 0 1199 0 2
1021 1022 0 1199 0 1199 0 2
1031 1032 0 1199 0 1199 0 2
1041 1042 0 1199 0 1199 0 2
1051 1052 0 1199 0 1199 0 2
1061 1062 0 1199 0 1199 0 2
1071 1072 0 1199 0 1199 0 2
1081 1082 0 1199 0 1199 0 2
1091 1092 0 1199 0 1199 0 2
1101 1102 0 1199 0 1199 0 2
1111 1112 0 1199 0 1199 0 2
1121 1122 0 1199 0 1199 0 2
1131 1132 0 1199 0 1199 0 2
1141 1142 0 1199 0 1199 0 2
1151 1152 0 1199 0 1199 0 2
1161 1162 0 1199 0 1199 0 2
1171 1172 0 1199 0 1199 0 2
1181 1182 0 1199 0 1199 0 2
1191 1192 0 1199 0 1199 0 2
1201 1202 0 1199 0 1199 0 2
1211 1212 0 1199 0 1199 0 2
1221 1222 0 1199 0 1199 0 2
1231 1232 0 1199 0 1199 0 2
1241 1242 0 1199 0 1199 0 2
1251 1252 0 1199 0 1199 0 2
1261 1262 0 1199 0 1199 0 2
1271 1272 0 1199 0 1199 0 2
1281 1282 0 1199 0 1199 0 2
1291 1292 0 1199 0 1199 0 2
1301 1302 0 1199 0 1199 0 2
1311 1312 0 1199 0 1199 0 2
1321 1322 0 1199 0 1199 0 2
1331 1332 0 1199 0 1199 0 2
1341 1342 0 1199 0 1199 0 2
1351 1352 0 1199 0 1199 0 2
1361 1362 0 1199 0 1199 0 2
1371 1372 0 1199 0 1199 0 2
1381 1382 0 1199 0 1199 0 2
1391 1392 0 1199 0 1199 0 2
1401 1402 0 1199 0 1199 0 2
1411 1412 0 1199 0 1199 0 2
1421 1422 0 1199 0 1199 0 2
1431 1432 0 1199 0 1199 0 2
1441 1442 0 1199 0 1199 0 2
1451 1452 0 1199 0 1199 0 2
1461 1462 0 1199 0 1199 0 2
1471 1472 0 1199 0 1199 0 2
1481 1482 0 1199 0 1199 0 2
1491 1492 0 1199 0 1199 0 2
1501 1502 0 1199 0 1199 0 2
1511 1512 0 1199 0 1199 0 2
1521 1522 0 1199 0 1199 0 2
1531 1532 0 1199 0 1199 0 2
1541 1542 0 1199 0 1199 0 2
1551 1552 0 1199 0 1199 0 2
1561 1562 0 1199 0 1199 0 2
1571 1572 0 1199 0 1199 0 2
1581 1582 0 1199 0 1199 0 2
1591 1592 0 1199 0 1199 0 2
1601 1602 0 1199 0 1199 0 2
1611 1612 0 1199 0 1199 0 2
1621 1622 0 1199 0 1199 0 2
1631 1632 0 1199 0 1199 0 2
1641 1642 0 1199 0 1199 0 2
1651 1652 0 1199 0 1199 0 2
1661 1662 0 1199 0 1199 0 2
1671 1672 0 1199 0 1199 0 2
1681 1682 0 1199 0 1199 0 2
1691 1692 0 1199 0 1199 0 2
1701 1702 0 1199 0 1199 0 2
1711 1712 0 1199 0 1199 0 2
1721 1722 0 1199 0 1199 0 2
1731 1732 0 1199 0 1199 0 2
1741 1742 0 1199 0 1199 0 2
1751 1752 0 1199 0 1199 0 2
1761 1762 0 1199 0 1199 0 2
1771 1772 0 1199 0 1199 0 2
1781 1782 0 1199 0 1199 0 2
1791 1792 0 1199 0 1199 0 2
1801 1802 0 1199 0 1199 0 2
1811 1812 0 1199 0 1199 0 2
1821 1822 0 1199 0 1199 0 2
1831 1832 0 1199 0 1199 0 2
1841 1842 0 1199 0 1199 0 2
1851 1852 0 1199 0 1199 0 2
1861 1862 0 1199 0 1199 0 2
1871 1872 0 1199 0 1199 0 2
1881 1882 0 1199 0 1199 0 2
1891 1892 0 1199 0 1199 0 2
1901 1902 0 1199 0 1199 0 2
1911 1912 0 1199 0 1199 0 2
1921 1922 0 1199 0 1199 0 2
1931 1932 0 1199 0 1199 0 2
1941 1942 0 1199 0 1199 0 2
1951 1952 0 1199 0 1199 0 2
1961 1962 0 1199 0 1199 0 2
1971 1972 0 1199 0 1199 0 2
1981 1982 0 1199 0 1199 0 2
1991 1992 0 1199 0 1199 0 2
2001 2002 0 1199 0 1199 0 2
2011 2012 0 1199 0 1199 0 2
2021 2022 0 1199 0 1199 0 2
2031 2032 0 1199 0 1199 0 2
2041 2042 0 1199 0 1199 0 2
2051 2052 0 1199 0 1199 0 2
2061 2062 0 1199 0 1199 0 2
2071 2072 0 1199 0 1199 0 2
2081 2082 0 1199 0 1199 0 2
2091 2092 0 1199 0 1199 0 2
2101 2102 0 1199 0 1199 0 2
2111 2112 0 1199 0 1199 0 2
2121 2122 0 1199 0 1199 0 2
2131 2132 0 1199 0 1199 0 2
2141 2142 0 1199 0 1199 0 2
2151 2152 0 1199 0 1199 0 2
2161 2162 0 1199 0 1199 0 2
2171 2172 0 1199 0 1199 0 2
2181 2182 0 1199 0 1199 0 2
2191 2192 0 1199 0 1199 0 2
2201 2202 0 1199 0 1199 0 2
2211 2212 0 1199 0 1199 0 2
2221 2222 0 1199 0 1199 0 2
2231 2232 0 1199 0 1199 0 2
2241 2242 0 1199 0 1199 0 2
2251 2252 0 1199 0 1199 0 2
2261 2262 0 1199 0 1199 0 2
2271 2272 0 1199 0 1199 0 2
2281 2282 0 1199 0 1199 0 2
2291 2292 0 1199 0 1199 0 2
2301 2302 0 1199 0 1199 0 2
2311 2312 0 1199 0 1199 0 2
2321 2322 0 1199 0 1199 0 2
2331 2332 0 1199 0 1199 0 2
2341 2342 0 1199 0 1199 0 2
2351 2352 0 1199 0 1199 0 2
2361 2362 0 1199 0 1199 0 2
2371 2372 0 1199 0 1199 0 2
2381 2382 0 1199 0 1199 0 2
2391 2392 0 1199 0 1199 0 2
2401 2402 0 1199 0 1199 0 2
2411 2412 0 1199 0 1199 0 2
2421 2422 0 1199 0 1199 0 2
2431 2432 0 1199 0 1199 0 2
2441 2442 0 1199 0 1199 0 2
2451 2452 0 1199 0 1199 0 2
2461 2462 0 1199 0 1199 0 2
2471 2472 0 1199 0 1199 0 2
2481 2482 0 1199 0 1199 0 2
2491 2492 0 1199 0 1199 0 2
2501 2502 0 1199 0 1199 0 2
2511 2512 0 1199 0 1199 0 2
2521 2522 0 1199 0 1199 0 2
2531 2532 0 1199 0 1199 0 2
2541 2542 0 1199 0 1199 0 2
2551 2552 0 1199 0 1199 0 2
2561 2562 0 1199 0 1199 0 2
2571 2572 0 1199 0 1199 0 2
2581 2582 0 1199 0 1199 0 2
2591 2592 0 1199 0 1199 0 2
2601 2602 0 1199 0 1199 0 2
2611 2612 0 1199 0 1199 0 2
2621 2622 0 1199 0 1199 0 2
2631 2632 0 1199 0 1199 0 2
2641 2642 0 1199 0 1199 0 2
2651 2652 0 1199 0 1199 0 2
2661 2662 0 1199 0 1199 0 2
2671 2672 0 1199 0 1199 0 2
2681 2682 0 1199 0 1199 0 2
2691 2692 0 1199 0 1199 0 2
2701 2702 0 1199 0 1199 0 2
2711 2712 0 1199 0 1199 0 2
2721 2722 0 1199 0 1199 0 2
2731 2732 0 1199 0 1199 0 2
2741 2742 0 1199 0 1199 0 2
2751 2752 0 1199 0 1199 0 2
2761 2762 0 1199 0 1199 0 2
2771 2772 0 1199 0 1199 0 2
2781 2782 0 1199 0 1199 0 2
2791 2792 0 1199 0 1199 0 2
2801 2802 0 1199 0 1199 0 2
2811 2812 0 1199 0 1199 0 2
2821 2822 0 1199 0 1199 0 2
2831 2832 0 1199 0 1199 0 2
2841 2842 0 1199 0 1199 0 2
2851 2852 0 1199 0 1199 0 2
2861 2862 0 1199 0 1199 0 2
2871 2872 0 1199 0 1199 0 2
2881 2882 0 1199 0 1199 0 2
2891 2892 0 1199 0 1199 0 2
2901 2902 0 1199 0 1199 0 2
2911 2912 0 1199 0 1199 0 2
2921 2922 0 1199 0 1199 0 2
2931 2932 0 1199 0 1199 0 2
2941 2942 0 1199 0 1199 0 2
2951 2952 0 1199 0 1199 0 2
2961 2962 0 1199 0 1199 0 2
2971 2972 0 1199 0 1199 0 2
2981 2982 0 1199 0 1199 0 2
2991 2992 0 1199 0 1199 0 2
3001 3002 0 1199 0 1199 0 2
3011 3012 0 1199 0 1199 0 2
3021 3022 0 1199 0 1199 0 2
3031 3032 0 1199 0 1199 0 2
3041 3042 0 1199 0 1199 0 2
3051 3052 0 1199 0 1199 0 2
3061 3062 0 1199 0 1199 0 2
3071 3072 0 1199 0 1199 0 2
3081 3082 0 1199 0 1199 0 2
3091 3092 0 1199 0 1199 0 2
3101 3102 0 1199 0 1199 0 2
3111 3112 0 1199 0 1199 0 2
3121 3122 0 1199 0 1199 0 2
3131 3132 0 1199 0 1199 0 2
3141 3142 0 1199 0 1199 0 2
3151 3152 0 1199 0 1199 0 2
3161 3162 0 1199 0 1199 0 2
3171 3172 0 1199 0 1199 0 2
3181 3182 0 1199 0 1199 0 2
3191 3192 0 1199 0 1199 0 2
3201 3202 0 1199 0 1199 0 2
3211 3212 0 1199 0 1199 0 2
3221 3222 0 1199 0 1199 0 2
3231 3232 0 1199 0 1199 0 2
