2
689834 128
140891 175381 0 127
596853 631343 0 127
66172 100662 0 127
267459 301949 0 127
123646 158136 0 127
519501 553991 0 127
471325 505815 0 127
495185 529675 0 127
398055 432545 0 127
220153 254643 0 127
98418 132908 0 127
511554 546044 0 127
29724 64214 0 127
408744 443234 0 127
453789 488279 0 127
636944 671434 0 127
2208 36698 0 127
467022 501512 0 127
279267 313757 0 127
239874 274364 0 127
619869 654359 0 127
107192 141682 0 127
332849 367339 0 127
32075 66565 0 127
23406 57896 0 127
26681 61171 0 127
567712 602202 0 127
9652 44142 0 127
399721 434211 0 127
227120 261610 0 127
442621 477111 0 127
30451 64941 0 127
553259 587749 0 127
232460 266950 0 127
459158 493648 0 127
519896 554386 0 127
579715 614205 0 127
244406 278896 0 127
362493 396983 0 127
242081 276571 0 127
229408 263898 0 127
481929 516419 0 127
303858 338348 0 127
22533 57023 0 127
436396 470886 0 127
583484 617974 0 127
104857 139347 0 127
194936 229426 0 127
310787 345277 0 127
126762 161252 0 127
348856 383346 0 127
525126 559616 0 127
442611 477101 0 127
532380 566870 0 127
199071 233561 0 127
318104 352594 0 127
297962 332452 0 127
616122 650612 0 127
523619 558109 0 127
529828 564318 0 127
412461 446951 0 127
617613 652103 0 127
36202 70692 0 127
503554 538044 0 127
254531 289021 0 127
423926 458416 0 127
434439 468929 0 127
181411 215901 0 127
384957 419447 0 127
575457 609947 0 127
392904 427394 0 127
90667 125157 0 127
460284 494774 0 127
533123 567613 0 127
113174 147664 0 127
171650 206140 0 127
546243 580733 0 127
412357 446847 0 127
388521 423011 0 127
513480 547970 0 127
31011 65501 0 127
492117 526607 0 127
45599 80089 0 127
323516 358006 0 127
644675 679165 0 127
621998 656488 0 127
606261 640751 0 127
412719 447209 0 127
178624 213114 0 127
176783 211273 0 127
526635 561125 0 127
237961 272451 0 127
12899 47389 0 127
209208 243698 0 127
565829 600319 0 127
574974 609464 0 127
243454 277944 0 127
424101 458591 0 127
538728 573218 0 127
360527 395017 0 127
605861 640351 0 127
370434 404924 0 127
481434 515924 0 127
282359 316849 0 127
574615 609105 0 127
638524 673014 0 127
5986 40476 0 127
402327 436817 0 127
537395 571885 0 127
135527 170017 0 127
543873 578363 0 127
588626 623116 0 127
215466 249956 0 127
446788 481278 0 127
58849 93339 0 127
504471 538961 0 127
382453 416943 0 127
597687 632177 0 127
581331 615821 0 127
209546 244036 0 127
529237 563727 0 127
433481 467971 0 127
508480 542970 0 127
374121 408611 0 127
434555 469045 0 127
362889 397379 0 127
1661 36151 0 127
564635 599125 0 127
566345 600835 0 127
653776 688266 0 127
642202 676692 0 127
347222 381712 0 127
480401 514891 0 127
628993 663483 0 127
29333 63823 0 127
240758 275248 0 127
185819 220309 0 127
577509 611999 0 127
612851 647341 0 127
189565 224055 0 127
96051 130541 0 127
577795 612285 0 127
267695 302185 0 127
34035 68525 0 127
73875 108365 0 127
87277 121767 0 127
17501 51991 0 127
475003 509493 0 127
15267 49757 0 127
294856 329346 0 127
261681 296171 0 127
281691 316181 0 127
114807 149297 0 127
655152 689642 0 127
193577 228067 0 127
361153 395643 0 127
304385 338875 0 127
72892 107382 0 127
175605 210095 0 127
167379 201869 0 127
267613 302103 0 127
552998 587488 0 127
176312 210802 0 127
286171 320661 0 127
308798 343288 0 127
476789 511279 0 127
337643 372133 0 127
520611 555101 0 127
496784 531274 0 127
119737 154227 0 127
24782 59272 0 127
327160 361650 0 127
405334 439824 0 127
360020 394510 0 127
441365 475855 0 127
197173 231663 0 127
270973 305463 0 127
114044 148534 0 127
265770 300260 0 127
534895 569385 0 127
219247 253737 0 127
635068 669558 0 127
452623 487113 0 127
21829 56319 0 127
236321 270811 0 127
18732 53222 0 127
416615 451105 0 127
153576 188066 0 127
37042 71532 0 127
168010 202500 0 127
467317 501807 0 127
530903 565393 0 127
447390 481880 0 127
571161 605651 0 127
231315 265805 0 127
541693 576183 0 127
472745 507235 0 127
234037 268527 0 127
549344 583834 0 127
32191 66681 0 127
414080 448570 0 127
603818 638308 0 127
336850 371340 0 127
447007 481497 0 127
61640 96130 0 127
313111 347601 0 127
131788 166278 0 127
222436 256926 0 127
49744 84234 0 127
321269 355759 0 127
74162 108652 0 127
80159 114649 0 127
325439 359929 0 127
312349 346839 0 127
165892 200382 0 127
436388 470878 0 127
592383 626873 0 127
264616 299106 0 127
136725 171215 0 127
8892 43382 0 127
587954 622444 0 127
39758 74248 0 127
619272 653762 0 127
228160 262650 0 127
597982 632472 0 127
483238 517728 0 127
179848 214338 0 127
653223 687713 0 127
533592 568082 0 127
39241 73731 0 127
396329 430819 0 127
210142 244632 0 127
363783 398273 0 127
103835 138325 0 127
215756 250246 0 127
601235 635725 0 127
453981 488471 0 127
620137 654627 0 127
203548 238038 0 127
516267 550757 0 127
109496 143986 0 127
409008 443498 0 127
310454 344944 0 127
528594 563084 0 127
524078 558568 0 127
18035 52525 0 127
341149 375639 0 127
641863 676353 0 127
421868 456358 0 127
295018 329508 0 127
