2
689834 20
140891 175381 0 19
596853 631343 0 19
66172 100662 0 19
267459 301949 0 19
123646 158136 0 19
519501 553991 0 19
471325 505815 0 19
495185 529675 0 19
398055 432545 0 19
220153 254643 0 19
98418 132908 0 19
511554 546044 0 19
29724 64214 0 19
408744 443234 0 19
453789 488279 0 19
636944 671434 0 19
2208 36698 0 19
467022 501512 0 19
279267 313757 0 19
239874 274364 0 19
619869 654359 0 19
107192 141682 0 19
332849 367339 0 19
32075 66565 0 19
23406 57896 0 19
26681 61171 0 19
567712 602202 0 19
9652 44142 0 19
399721 434211 0 19
227120 261610 0 19
442621 477111 0 19
30451 64941 0 19
553259 587749 0 19
232460 266950 0 19
459158 493648 0 19
519896 554386 0 19
579715 614205 0 19
244406 278896 0 19
362493 396983 0 19
242081 276571 0 19
229408 263898 0 19
481929 516419 0 19
303858 338348 0 19
22533 57023 0 19
436396 470886 0 19
583484 617974 0 19
104857 139347 0 19
194936 229426 0 19
310787 345277 0 19
126762 161252 0 19
348856 383346 0 19
525126 559616 0 19
442611 477101 0 19
532380 566870 0 19
199071 233561 0 19
318104 352594 0 19
297962 332452 0 19
616122 650612 0 19
523619 558109 0 19
529828 564318 0 19
412461 446951 0 19
617613 652103 0 19
36202 70692 0 19
503554 538044 0 19
254531 289021 0 19
423926 458416 0 19
434439 468929 0 19
181411 215901 0 19
384957 419447 0 19
575457 609947 0 19
392904 427394 0 19
90667 125157 0 19
460284 494774 0 19
533123 567613 0 19
113174 147664 0 19
171650 206140 0 19
546243 580733 0 19
412357 446847 0 19
388521 423011 0 19
513480 547970 0 19
31011 65501 0 19
492117 526607 0 19
45599 80089 0 19
323516 358006 0 19
644675 679165 0 19
621998 656488 0 19
606261 640751 0 19
412719 447209 0 19
178624 213114 0 19
176783 211273 0 19
526635 561125 0 19
237961 272451 0 19
12899 47389 0 19
209208 243698 0 19
565829 600319 0 19
574974 609464 0 19
243454 277944 0 19
424101 458591 0 19
538728 573218 0 19
360527 395017 0 19
605861 640351 0 19
370434 404924 0 19
481434 515924 0 19
282359 316849 0 19
574615 609105 0 19
638524 673014 0 19
5986 40476 0 19
402327 436817 0 19
537395 571885 0 19
135527 170017 0 19
543873 578363 0 19
588626 623116 0 19
215466 249956 0 19
446788 481278 0 19
58849 93339 0 19
504471 538961 0 19
382453 416943 0 19
597687 632177 0 19
581331 615821 0 19
209546 244036 0 19
529237 563727 0 19
433481 467971 0 19
508480 542970 0 19
374121 408611 0 19
434555 469045 0 19
362889 397379 0 19
1661 36151 0 19
564635 599125 0 19
566345 600835 0 19
653776 688266 0 19
642202 676692 0 19
347222 381712 0 19
480401 514891 0 19
628993 663483 0 19
29333 63823 0 19
240758 275248 0 19
185819 220309 0 19
577509 611999 0 19
612851 647341 0 19
189565 224055 0 19
96051 130541 0 19
577795 612285 0 19
267695 302185 0 19
34035 68525 0 19
73875 108365 0 19
87277 121767 0 19
17501 51991 0 19
475003 509493 0 19
15267 49757 0 19
294856 329346 0 19
261681 296171 0 19
281691 316181 0 19
114807 149297 0 19
655152 689642 0 19
193577 228067 0 19
361153 395643 0 19
304385 338875 0 19
72892 107382 0 19
175605 210095 0 19
167379 201869 0 19
267613 302103 0 19
552998 587488 0 19
176312 210802 0 19
286171 320661 0 19
308798 343288 0 19
476789 511279 0 19
337643 372133 0 19
520611 555101 0 19
496784 531274 0 19
119737 154227 0 19
24782 59272 0 19
327160 361650 0 19
405334 439824 0 19
360020 394510 0 19
441365 475855 0 19
197173 231663 0 19
270973 305463 0 19
114044 148534 0 19
265770 300260 0 19
534895 569385 0 19
219247 253737 0 19
635068 669558 0 19
452623 487113 0 19
21829 56319 0 19
236321 270811 0 19
18732 53222 0 19
416615 451105 0 19
153576 188066 0 19
37042 71532 0 19
168010 202500 0 19
467317 501807 0 19
530903 565393 0 19
447390 481880 0 19
571161 605651 0 19
231315 265805 0 19
541693 576183 0 19
472745 507235 0 19
234037 268527 0 19
549344 583834 0 19
32191 66681 0 19
414080 448570 0 19
603818 638308 0 19
336850 371340 0 19
447007 481497 0 19
61640 96130 0 19
313111 347601 0 19
131788 166278 0 19
222436 256926 0 19
49744 84234 0 19
321269 355759 0 19
74162 108652 0 19
80159 114649 0 19
325439 359929 0 19
312349 346839 0 19
165892 200382 0 19
436388 470878 0 19
592383 626873 0 19
264616 299106 0 19
136725 171215 0 19
8892 43382 0 19
587954 622444 0 19
39758 74248 0 19
619272 653762 0 19
228160 262650 0 19
597982 632472 0 19
483238 517728 0 19
179848 214338 0 19
653223 687713 0 19
533592 568082 0 19
39241 73731 0 19
396329 430819 0 19
210142 244632 0 19
363783 398273 0 19
103835 138325 0 19
215756 250246 0 19
601235 635725 0 19
453981 488471 0 19
620137 654627 0 19
203548 238038 0 19
516267 550757 0 19
109496 143986 0 19
409008 443498 0 19
310454 344944 0 19
528594 563084 0 19
524078 558568 0 19
18035 52525 0 19
341149 375639 0 19
641863 676353 0 19
421868 456358 0 19
295018 329508 0 19
