1
689834
140891 175381
596853 631343
66172 100662
267459 301949
123646 158136
519501 553991
471325 505815
495185 529675
398055 432545
220153 254643
98418 132908
511554 546044
29724 64214
408744 443234
453789 488279
636944 671434
2208 36698
467022 501512
279267 313757
239874 274364
619869 654359
107192 141682
332849 367339
32075 66565
23406 57896
26681 61171
567712 602202
9652 44142
399721 434211
227120 261610
442621 477111
30451 64941
553259 587749
232460 266950
459158 493648
519896 554386
579715 614205
244406 278896
362493 396983
242081 276571
229408 263898
481929 516419
303858 338348
22533 57023
436396 470886
583484 617974
104857 139347
194936 229426
310787 345277
126762 161252
348856 383346
525126 559616
442611 477101
532380 566870
199071 233561
318104 352594
297962 332452
616122 650612
523619 558109
529828 564318
412461 446951
617613 652103
36202 70692
503554 538044
254531 289021
423926 458416
434439 468929
181411 215901
384957 419447
575457 609947
392904 427394
90667 125157
460284 494774
533123 567613
113174 147664
171650 206140
546243 580733
412357 446847
388521 423011
513480 547970
31011 65501
492117 526607
45599 80089
323516 358006
644675 679165
621998 656488
606261 640751
412719 447209
178624 213114
176783 211273
526635 561125
237961 272451
12899 47389
209208 243698
565829 600319
574974 609464
243454 277944
424101 458591
538728 573218
360527 395017
605861 640351
370434 404924
481434 515924
282359 316849
574615 609105
638524 673014
5986 40476
402327 436817
537395 571885
135527 170017
543873 578363
588626 623116
215466 249956
446788 481278
58849 93339
504471 538961
382453 416943
597687 632177
581331 615821
209546 244036
529237 563727
433481 467971
508480 542970
374121 408611
434555 469045
362889 397379
1661 36151
564635 599125
566345 600835
653776 688266
642202 676692
347222 381712
480401 514891
628993 663483
29333 63823
240758 275248
185819 220309
577509 611999
612851 647341
189565 224055
96051 130541
577795 612285
267695 302185
34035 68525
73875 108365
87277 121767
17501 51991
475003 509493
15267 49757
294856 329346
261681 296171
281691 316181
114807 149297
655152 689642
193577 228067
361153 395643
304385 338875
72892 107382
175605 210095
167379 201869
267613 302103
552998 587488
176312 210802
286171 320661
308798 343288
476789 511279
337643 372133
520611 555101
496784 531274
119737 154227
24782 59272
327160 361650
405334 439824
360020 394510
441365 475855
197173 231663
270973 305463
114044 148534
265770 300260
534895 569385
219247 253737
635068 669558
452623 487113
21829 56319
236321 270811
18732 53222
416615 451105
153576 188066
37042 71532
168010 202500
467317 501807
530903 565393
447390 481880
571161 605651
231315 265805
541693 576183
472745 507235
234037 268527
549344 583834
32191 66681
414080 448570
603818 638308
336850 371340
447007 481497
61640 96130
313111 347601
131788 166278
222436 256926
49744 84234
321269 355759
74162 108652
80159 114649
325439 359929
312349 346839
165892 200382
436388 470878
592383 626873
264616 299106
136725 171215
8892 43382
587954 622444
39758 74248
619272 653762
228160 262650
597982 632472
483238 517728
179848 214338
653223 687713
533592 568082
39241 73731
396329 430819
210142 244632
363783 398273
103835 138325
215756 250246
601235 635725
453981 488471
620137 654627
203548 238038
516267 550757
109496 143986
409008 443498
310454 344944
528594 563084
524078 558568
18035 52525
341149 375639
641863 676353
421868 456358
295018 329508
