2
689834 20
140891 209873 0 19
596853 665835 0 19
66172 135154 0 19
267459 336441 0 19
123646 192628 0 19
519501 588483 0 19
471325 540307 0 19
495185 564167 0 19
398055 467037 0 19
220153 289135 0 19
98418 167400 0 19
511554 580536 0 19
29724 98706 0 19
408744 477726 0 19
453789 522771 0 19
2208 71190 0 19
467022 536004 0 19
279267 348249 0 19
239874 308856 0 19
619869 688851 0 19
107192 176174 0 19
332849 401831 0 19
32075 101057 0 19
23406 92388 0 19
26681 95663 0 19
567712 636694 0 19
9652 78634 0 19
399721 468703 0 19
227120 296102 0 19
442621 511603 0 19
30451 99433 0 19
553259 622241 0 19
232460 301442 0 19
459158 528140 0 19
519896 588878 0 19
579715 648697 0 19
244406 313388 0 19
362493 431475 0 19
242081 311063 0 19
229408 298390 0 19
481929 550911 0 19
303858 372840 0 19
22533 91515 0 19
436396 505378 0 19
583484 652466 0 19
104857 173839 0 19
194936 263918 0 19
310787 379769 0 19
126762 195744 0 19
348856 417838 0 19
525126 594108 0 19
442611 511593 0 19
532380 601362 0 19
199071 268053 0 19
318104 387086 0 19
297962 366944 0 19
616122 685104 0 19
523619 592601 0 19
529828 598810 0 19
412461 481443 0 19
617613 686595 0 19
36202 105184 0 19
503554 572536 0 19
254531 323513 0 19
423926 492908 0 19
434439 503421 0 19
181411 250393 0 19
384957 453939 0 19
575457 644439 0 19
392904 461886 0 19
90667 159649 0 19
460284 529266 0 19
533123 602105 0 19
113174 182156 0 19
171650 240632 0 19
546243 615225 0 19
412357 481339 0 19
388521 457503 0 19
513480 582462 0 19
31011 99993 0 19
492117 561099 0 19
45599 114581 0 19
323516 392498 0 19
606261 675243 0 19
412719 481701 0 19
178624 247606 0 19
176783 245765 0 19
526635 595617 0 19
237961 306943 0 19
12899 81881 0 19
209208 278190 0 19
565829 634811 0 19
574974 643956 0 19
243454 312436 0 19
424101 493083 0 19
538728 607710 0 19
360527 429509 0 19
605861 674843 0 19
370434 439416 0 19
481434 550416 0 19
282359 351341 0 19
574615 643597 0 19
5986 74968 0 19
402327 471309 0 19
537395 606377 0 19
135527 204509 0 19
543873 612855 0 19
588626 657608 0 19
215466 284448 0 19
446788 515770 0 19
58849 127831 0 19
504471 573453 0 19
382453 451435 0 19
597687 666669 0 19
581331 650313 0 19
209546 278528 0 19
529237 598219 0 19
433481 502463 0 19
508480 577462 0 19
374121 443103 0 19
434555 503537 0 19
362889 431871 0 19
1661 70643 0 19
564635 633617 0 19
566345 635327 0 19
347222 416204 0 19
480401 549383 0 19
29333 98315 0 19
240758 309740 0 19
185819 254801 0 19
577509 646491 0 19
612851 681833 0 19
189565 258547 0 19
96051 165033 0 19
577795 646777 0 19
267695 336677 0 19
34035 103017 0 19
73875 142857 0 19
87277 156259 0 19
17501 86483 0 19
475003 543985 0 19
15267 84249 0 19
294856 363838 0 19
261681 330663 0 19
281691 350673 0 19
114807 183789 0 19
193577 262559 0 19
361153 430135 0 19
304385 373367 0 19
72892 141874 0 19
175605 244587 0 19
167379 236361 0 19
267613 336595 0 19
552998 621980 0 19
176312 245294 0 19
286171 355153 0 19
308798 377780 0 19
476789 545771 0 19
337643 406625 0 19
520611 589593 0 19
496784 565766 0 19
119737 188719 0 19
24782 93764 0 19
327160 396142 0 19
405334 474316 0 19
360020 429002 0 19
441365 510347 0 19
197173 266155 0 19
270973 339955 0 19
114044 183026 0 19
265770 334752 0 19
534895 603877 0 19
219247 288229 0 19
452623 521605 0 19
21829 90811 0 19
236321 305303 0 19
18732 87714 0 19
416615 485597 0 19
153576 222558 0 19
37042 106024 0 19
168010 236992 0 19
467317 536299 0 19
530903 599885 0 19
447390 516372 0 19
571161 640143 0 19
231315 300297 0 19
541693 610675 0 19
472745 541727 0 19
234037 303019 0 19
549344 618326 0 19
32191 101173 0 19
414080 483062 0 19
603818 672800 0 19
336850 405832 0 19
447007 515989 0 19
61640 130622 0 19
313111 382093 0 19
131788 200770 0 19
222436 291418 0 19
49744 118726 0 19
321269 390251 0 19
74162 143144 0 19
80159 149141 0 19
325439 394421 0 19
312349 381331 0 19
165892 234874 0 19
436388 505370 0 19
592383 661365 0 19
264616 333598 0 19
136725 205707 0 19
8892 77874 0 19
587954 656936 0 19
39758 108740 0 19
619272 688254 0 19
228160 297142 0 19
597982 666964 0 19
483238 552220 0 19
179848 248830 0 19
533592 602574 0 19
39241 108223 0 19
396329 465311 0 19
210142 279124 0 19
363783 432765 0 19
103835 172817 0 19
215756 284738 0 19
601235 670217 0 19
453981 522963 0 19
620137 689119 0 19
203548 272530 0 19
516267 585249 0 19
109496 178478 0 19
409008 477990 0 19
310454 379436 0 19
528594 597576 0 19
524078 593060 0 19
18035 87017 0 19
341149 410131 0 19
421868 490850 0 19
295018 364000 0 19
18971 87953 0 19
164590 233572 0 19
210609 279591 0 19
343661 412643 0 19
590705 659687 0 19
141707 210689 0 19
355567 424549 0 19
450091 519073 0 19
223377 292359 0 19
279482 348464 0 19
101088 170070 0 19
