1
689834
140891 209873
596853 665835
66172 135154
267459 336441
123646 192628
519501 588483
471325 540307
495185 564167
398055 467037
220153 289135
98418 167400
511554 580536
29724 98706
408744 477726
453789 522771
2208 71190
467022 536004
279267 348249
239874 308856
619869 688851
107192 176174
332849 401831
32075 101057
23406 92388
26681 95663
567712 636694
9652 78634
399721 468703
227120 296102
442621 511603
30451 99433
553259 622241
232460 301442
459158 528140
519896 588878
579715 648697
244406 313388
362493 431475
242081 311063
229408 298390
481929 550911
303858 372840
22533 91515
436396 505378
583484 652466
104857 173839
194936 263918
310787 379769
126762 195744
348856 417838
525126 594108
442611 511593
532380 601362
199071 268053
318104 387086
297962 366944
616122 685104
523619 592601
529828 598810
412461 481443
617613 686595
36202 105184
503554 572536
254531 323513
423926 492908
434439 503421
181411 250393
384957 453939
575457 644439
392904 461886
90667 159649
460284 529266
533123 602105
113174 182156
171650 240632
546243 615225
412357 481339
388521 457503
513480 582462
31011 99993
492117 561099
45599 114581
323516 392498
606261 675243
412719 481701
178624 247606
176783 245765
526635 595617
237961 306943
12899 81881
209208 278190
565829 634811
574974 643956
243454 312436
424101 493083
538728 607710
360527 429509
605861 674843
370434 439416
481434 550416
282359 351341
574615 643597
5986 74968
402327 471309
537395 606377
135527 204509
543873 612855
588626 657608
215466 284448
446788 515770
58849 127831
504471 573453
382453 451435
597687 666669
581331 650313
209546 278528
529237 598219
433481 502463
508480 577462
374121 443103
434555 503537
362889 431871
1661 70643
564635 633617
566345 635327
347222 416204
480401 549383
29333 98315
240758 309740
185819 254801
577509 646491
612851 681833
189565 258547
96051 165033
577795 646777
267695 336677
34035 103017
73875 142857
87277 156259
17501 86483
475003 543985
15267 84249
294856 363838
261681 330663
281691 350673
114807 183789
193577 262559
361153 430135
304385 373367
72892 141874
175605 244587
167379 236361
267613 336595
552998 621980
176312 245294
286171 355153
308798 377780
476789 545771
337643 406625
520611 589593
496784 565766
119737 188719
24782 93764
327160 396142
405334 474316
360020 429002
441365 510347
197173 266155
270973 339955
114044 183026
265770 334752
534895 603877
219247 288229
452623 521605
21829 90811
236321 305303
18732 87714
416615 485597
153576 222558
37042 106024
168010 236992
467317 536299
530903 599885
447390 516372
571161 640143
231315 300297
541693 610675
472745 541727
234037 303019
549344 618326
32191 101173
414080 483062
603818 672800
336850 405832
447007 515989
61640 130622
313111 382093
131788 200770
222436 291418
49744 118726
321269 390251
74162 143144
80159 149141
325439 394421
312349 381331
165892 234874
436388 505370
592383 661365
264616 333598
136725 205707
8892 77874
587954 656936
39758 108740
619272 688254
228160 297142
597982 666964
483238 552220
179848 248830
533592 602574
39241 108223
396329 465311
210142 279124
363783 432765
103835 172817
215756 284738
601235 670217
453981 522963
620137 689119
203548 272530
516267 585249
109496 178478
409008 477990
310454 379436
528594 597576
524078 593060
18035 87017
341149 410131
421868 490850
295018 364000
18971 87953
164590 233572
210609 279591
343661 412643
590705 659687
141707 210689
355567 424549
450091 519073
223377 292359
279482 348464
101088 170070
