2
689834 128
140891 209873 0 127
596853 665835 0 127
66172 135154 0 127
267459 336441 0 127
123646 192628 0 127
519501 588483 0 127
471325 540307 0 127
495185 564167 0 127
398055 467037 0 127
220153 289135 0 127
98418 167400 0 127
511554 580536 0 127
29724 98706 0 127
408744 477726 0 127
453789 522771 0 127
2208 71190 0 127
467022 536004 0 127
279267 348249 0 127
239874 308856 0 127
619869 688851 0 127
107192 176174 0 127
332849 401831 0 127
32075 101057 0 127
23406 92388 0 127
26681 95663 0 127
567712 636694 0 127
9652 78634 0 127
399721 468703 0 127
227120 296102 0 127
442621 511603 0 127
30451 99433 0 127
553259 622241 0 127
232460 301442 0 127
459158 528140 0 127
519896 588878 0 127
579715 648697 0 127
244406 313388 0 127
362493 431475 0 127
242081 311063 0 127
229408 298390 0 127
481929 550911 0 127
303858 372840 0 127
22533 91515 0 127
436396 505378 0 127
583484 652466 0 127
104857 173839 0 127
194936 263918 0 127
310787 379769 0 127
126762 195744 0 127
348856 417838 0 127
525126 594108 0 127
442611 511593 0 127
532380 601362 0 127
199071 268053 0 127
318104 387086 0 127
297962 366944 0 127
616122 685104 0 127
523619 592601 0 127
529828 598810 0 127
412461 481443 0 127
617613 686595 0 127
36202 105184 0 127
503554 572536 0 127
254531 323513 0 127
423926 492908 0 127
434439 503421 0 127
181411 250393 0 127
384957 453939 0 127
575457 644439 0 127
392904 461886 0 127
90667 159649 0 127
460284 529266 0 127
533123 602105 0 127
113174 182156 0 127
171650 240632 0 127
546243 615225 0 127
412357 481339 0 127
388521 457503 0 127
513480 582462 0 127
31011 99993 0 127
492117 561099 0 127
45599 114581 0 127
323516 392498 0 127
606261 675243 0 127
412719 481701 0 127
178624 247606 0 127
176783 245765 0 127
526635 595617 0 127
237961 306943 0 127
12899 81881 0 127
209208 278190 0 127
565829 634811 0 127
574974 643956 0 127
243454 312436 0 127
424101 493083 0 127
538728 607710 0 127
360527 429509 0 127
605861 674843 0 127
370434 439416 0 127
481434 550416 0 127
282359 351341 0 127
574615 643597 0 127
5986 74968 0 127
402327 471309 0 127
537395 606377 0 127
135527 204509 0 127
543873 612855 0 127
588626 657608 0 127
215466 284448 0 127
446788 515770 0 127
58849 127831 0 127
504471 573453 0 127
382453 451435 0 127
597687 666669 0 127
581331 650313 0 127
209546 278528 0 127
529237 598219 0 127
433481 502463 0 127
508480 577462 0 127
374121 443103 0 127
434555 503537 0 127
362889 431871 0 127
1661 70643 0 127
564635 633617 0 127
566345 635327 0 127
347222 416204 0 127
480401 549383 0 127
29333 98315 0 127
240758 309740 0 127
185819 254801 0 127
577509 646491 0 127
612851 681833 0 127
189565 258547 0 127
96051 165033 0 127
577795 646777 0 127
267695 336677 0 127
34035 103017 0 127
73875 142857 0 127
87277 156259 0 127
17501 86483 0 127
475003 543985 0 127
15267 84249 0 127
294856 363838 0 127
261681 330663 0 127
281691 350673 0 127
114807 183789 0 127
193577 262559 0 127
361153 430135 0 127
304385 373367 0 127
72892 141874 0 127
175605 244587 0 127
167379 236361 0 127
267613 336595 0 127
552998 621980 0 127
176312 245294 0 127
286171 355153 0 127
308798 377780 0 127
476789 545771 0 127
337643 406625 0 127
520611 589593 0 127
496784 565766 0 127
119737 188719 0 127
24782 93764 0 127
327160 396142 0 127
405334 474316 0 127
360020 429002 0 127
441365 510347 0 127
197173 266155 0 127
270973 339955 0 127
114044 183026 0 127
265770 334752 0 127
534895 603877 0 127
219247 288229 0 127
452623 521605 0 127
21829 90811 0 127
236321 305303 0 127
18732 87714 0 127
416615 485597 0 127
153576 222558 0 127
37042 106024 0 127
168010 236992 0 127
467317 536299 0 127
530903 599885 0 127
447390 516372 0 127
571161 640143 0 127
231315 300297 0 127
541693 610675 0 127
472745 541727 0 127
234037 303019 0 127
549344 618326 0 127
32191 101173 0 127
414080 483062 0 127
603818 672800 0 127
336850 405832 0 127
447007 515989 0 127
61640 130622 0 127
313111 382093 0 127
131788 200770 0 127
222436 291418 0 127
49744 118726 0 127
321269 390251 0 127
74162 143144 0 127
80159 149141 0 127
325439 394421 0 127
312349 381331 0 127
165892 234874 0 127
436388 505370 0 127
592383 661365 0 127
264616 333598 0 127
136725 205707 0 127
8892 77874 0 127
587954 656936 0 127
39758 108740 0 127
619272 688254 0 127
228160 297142 0 127
597982 666964 0 127
483238 552220 0 127
179848 248830 0 127
533592 602574 0 127
39241 108223 0 127
396329 465311 0 127
210142 279124 0 127
363783 432765 0 127
103835 172817 0 127
215756 284738 0 127
601235 670217 0 127
453981 522963 0 127
620137 689119 0 127
203548 272530 0 127
516267 585249 0 127
109496 178478 0 127
409008 477990 0 127
310454 379436 0 127
528594 597576 0 127
524078 593060 0 127
18035 87017 0 127
341149 410131 0 127
421868 490850 0 127
295018 364000 0 127
18971 87953 0 127
164590 233572 0 127
210609 279591 0 127
343661 412643 0 127
590705 659687 0 127
141707 210689 0 127
355567 424549 0 127
450091 519073 0 127
223377 292359 0 127
279482 348464 0 127
101088 170070 0 127
