4
3240 1200 1200 3
1 2 0 1199 0 1199 0 2
21 22 0 1199 0 1199 0 2
41 42 0 1199 0 1199 0 2
61 62 0 1199 0 1199 0 2
81 82 0 1199 0 1199 0 2
101 102 0 1199 0 1199 0 2
121 122 0 1199 0 1199 0 2
141 142 0 1199 0 1199 0 2
161 162 0 1199 0 1199 0 2
181 182 0 1199 0 1199 0 2
201 202 0 1199 0 1199 0 2
221 222 0 1199 0 1199 0 2
241 242 0 1199 0 1199 0 2
261 262 0 1199 0 1199 0 2
281 282 0 1199 0 1199 0 2
301 302 0 1199 0 1199 0 2
321 322 0 1199 0 1199 0 2
341 342 0 1199 0 1199 0 2
361 362 0 1199 0 1199 0 2
381 382 0 1199 0 1199 0 2
401 402 0 1199 0 1199 0 2
421 422 0 1199 0 1199 0 2
441 442 0 1199 0 1199 0 2
461 462 0 1199 0 1199 0 2
481 482 0 1199 0 1199 0 2
501 502 0 1199 0 1199 0 2
521 522 0 1199 0 1199 0 2
541 542 0 1199 0 1199 0 2
561 562 0 1199 0 1199 0 2
581 582 0 1199 0 1199 0 2
601 602 0 1199 0 1199 0 2
621 622 0 1199 0 1199 0 2
641 642 0 1199 0 1199 0 2
661 662 0 1199 0 1199 0 2
681 682 0 1199 0 1199 0 2
701 702 0 1199 0 1199 0 2
721 722 0 1199 0 1199 0 2
741 742 0 1199 0 1199 0 2
761 762 0 1199 0 1199 0 2
781 782 0 1199 0 1199 0 2
801 802 0 1199 0 1199 0 2
821 822 0 1199 0 1199 0 2
841 842 0 1199 0 1199 0 2
861 862 0 1199 0 1199 0 2
881 882 0 1199 0 1199 0 2
901 902 0 1199 0 1199 0 2
921 922 0 1199 0 1199 0 2
941 942 0 1199 0 1199 0 2
961 962 0 1199 0 1199 0 2
981 982 0 1199 0 1199 0 2
1001 1002 0 1199 0 1199 0 2
1021 1022 0 1199 0 1199 0 2
1041 1042 0 1199 0 1199 0 2
1061 1062 0 1199 0 1199 0 2
1081 1082 0 1199 0 1199 0 2
1101 1102 0 1199 0 1199 0 2
1121 1122 0 1199 0 1199 0 2
1141 1142 0 1199 0 1199 0 2
1161 1162 0 1199 0 1199 0 2
1181 1182 0 1199 0 1199 0 2
1201 1202 0 1199 0 1199 0 2
1221 1222 0 1199 0 1199 0 2
1241 1242 0 1199 0 1199 0 2
1261 1262 0 1199 0 1199 0 2
1281 1282 0 1199 0 1199 0 2
1301 1302 0 1199 0 1199 0 2
1321 1322 0 1199 0 1199 0 2
1341 1342 0 1199 0 1199 0 2
1361 1362 0 1199 0 1199 0 2
1381 1382 0 1199 0 1199 0 2
1401 1402 0 1199 0 1199 0 2
1421 1422 0 1199 0 1199 0 2
1441 1442 0 1199 0 1199 0 2
1461 1462 0 1199 0 1199 0 2
1481 1482 0 1199 0 1199 0 2
1501 1502 0 1199 0 1199 0 2
1521 1522 0 1199 0 1199 0 2
1541 1542 0 1199 0 1199 0 2
1561 1562 0 1199 0 1199 0 2
1581 1582 0 1199 0 1199 0 2
1601 1602 0 1199 0 1199 0 2
1621 1622 0 1199 0 1199 0 2
1641 1642 0 1199 0 1199 0 2
1661 1662 0 1199 0 1199 0 2
1681 1682 0 1199 0 1199 0 2
1701 1702 0 1199 0 1199 0 2
1721 1722 0 1199 0 1199 0 2
1741 1742 0 1199 0 1199 0 2
1761 1762 0 1199 0 1199 0 2
1781 1782 0 1199 0 1199 0 2
1801 1802 0 1199 0 1199 0 2
1821 1822 0 1199 0 1199 0 2
1841 1842 0 1199 0 1199 0 2
1861 1862 0 1199 0 1199 0 2
1881 1882 0 1199 0 1199 0 2
1901 1902 0 1199 0 1199 0 2
1921 1922 0 1199 0 1199 0 2
1941 1942 0 1199 0 1199 0 2
1961 1962 0 1199 0 1199 0 2
1981 1982 0 1199 0 1199 0 2
2001 2002 0 1199 0 1199 0 2
2021 2022 0 1199 0 1199 0 2
2041 2042 0 1199 0 1199 0 2
2061 2062 0 1199 0 1199 0 2
2081 2082 0 1199 0 1199 0 2
2101 2102 0 1199 0 1199 0 2
2121 2122 0 1199 0 1199 0 2
2141 2142 0 1199 0 1199 0 2
2161 2162 0 1199 0 1199 0 2
2181 2182 0 1199 0 1199 0 2
2201 2202 0 1199 0 1199 0 2
2221 2222 0 1199 0 1199 0 2
2241 2242 0 1199 0 1199 0 2
2261 2262 0 1199 0 1199 0 2
2281 2282 0 1199 0 1199 0 2
2301 2302 0 1199 0 1199 0 2
2321 2322 0 1199 0 1199 0 2
2341 2342 0 1199 0 1199 0 2
2361 2362 0 1199 0 1199 0 2
2381 2382 0 1199 0 1199 0 2
2401 2402 0 1199 0 1199 0 2
2421 2422 0 1199 0 1199 0 2
2441 2442 0 1199 0 1199 0 2
2461 2462 0 1199 0 1199 0 2
2481 2482 0 1199 0 1199 0 2
2501 2502 0 1199 0 1199 0 2
2521 2522 0 1199 0 1199 0 2
2541 2542 0 1199 0 1199 0 2
2561 2562 0 1199 0 1199 0 2
2581 2582 0 1199 0 1199 0 2
2601 2602 0 1199 0 1199 0 2
2621 2622 0 1199 0 1199 0 2
2641 2642 0 1199 0 1199 0 2
2661 2662 0 1199 0 1199 0 2
2681 2682 0 1199 0 1199 0 2
2701 2702 0 1199 0 1199 0 2
2721 2722 0 1199 0 1199 0 2
2741 2742 0 1199 0 1199 0 2
2761 2762 0 1199 0 1199 0 2
2781 2782 0 1199 0 1199 0 2
2801 2802 0 1199 0 1199 0 2
2821 2822 0 1199 0 1199 0 2
2841 2842 0 1199 0 1199 0 2
2861 2862 0 1199 0 1199 0 2
2881 2882 0 1199 0 1199 0 2
2901 2902 0 1199 0 1199 0 2
2921 2922 0 1199 0 1199 0 2
2941 2942 0 1199 0 1199 0 2
2961 2962 0 1199 0 1199 0 2
2981 2982 0 1199 0 1199 0 2
3001 3002 0 1199 0 1199 0 2
3021 3022 0 1199 0 1199 0 2
3041 3042 0 1199 0 1199 0 2
3061 3062 0 1199 0 1199 0 2
3081 3082 0 1199 0 1199 0 2
3101 3102 0 1199 0 1199 0 2
3121 3122 0 1199 0 1199 0 2
3141 3142 0 1199 0 1199 0 2
3161 3162 0 1199 0 1199 0 2
3181 3182 0 1199 0 1199 0 2
3201 3202 0 1199 0 1199 0 2
3221 3222 0 1199 0 1199 0 2
