2
689834 128
140891 147788 0 127
596853 603750 0 127
66172 73069 0 127
267459 274356 0 127
123646 130543 0 127
519501 526398 0 127
471325 478222 0 127
495185 502082 0 127
398055 404952 0 127
220153 227050 0 127
98418 105315 0 127
511554 518451 0 127
29724 36621 0 127
408744 415641 0 127
453789 460686 0 127
636944 643841 0 127
2208 9105 0 127
467022 473919 0 127
279267 286164 0 127
239874 246771 0 127
619869 626766 0 127
107192 114089 0 127
332849 339746 0 127
32075 38972 0 127
23406 30303 0 127
26681 33578 0 127
681098 687995 0 127
567712 574609 0 127
9652 16549 0 127
399721 406618 0 127
227120 234017 0 127
442621 449518 0 127
30451 37348 0 127
553259 560156 0 127
232460 239357 0 127
459158 466055 0 127
519896 526793 0 127
579715 586612 0 127
244406 251303 0 127
362493 369390 0 127
242081 248978 0 127
229408 236305 0 127
481929 488826 0 127
303858 310755 0 127
22533 29430 0 127
436396 443293 0 127
583484 590381 0 127
673494 680391 0 127
104857 111754 0 127
194936 201833 0 127
659924 666821 0 127
310787 317684 0 127
126762 133659 0 127
348856 355753 0 127
525126 532023 0 127
442611 449508 0 127
532380 539277 0 127
199071 205968 0 127
318104 325001 0 127
297962 304859 0 127
616122 623019 0 127
523619 530516 0 127
529828 536725 0 127
412461 419358 0 127
617613 624510 0 127
36202 43099 0 127
503554 510451 0 127
254531 261428 0 127
423926 430823 0 127
434439 441336 0 127
181411 188308 0 127
384957 391854 0 127
575457 582354 0 127
392904 399801 0 127
90667 97564 0 127
460284 467181 0 127
533123 540020 0 127
113174 120071 0 127
171650 178547 0 127
546243 553140 0 127
412357 419254 0 127
388521 395418 0 127
513480 520377 0 127
31011 37908 0 127
492117 499014 0 127
45599 52496 0 127
323516 330413 0 127
644675 651572 0 127
621998 628895 0 127
606261 613158 0 127
412719 419616 0 127
678592 685489 0 127
178624 185521 0 127
176783 183680 0 127
526635 533532 0 127
237961 244858 0 127
12899 19796 0 127
209208 216105 0 127
565829 572726 0 127
574974 581871 0 127
243454 250351 0 127
424101 430998 0 127
538728 545625 0 127
360527 367424 0 127
605861 612758 0 127
370434 377331 0 127
481434 488331 0 127
282359 289256 0 127
574615 581512 0 127
638524 645421 0 127
5986 12883 0 127
402327 409224 0 127
537395 544292 0 127
135527 142424 0 127
543873 550770 0 127
588626 595523 0 127
215466 222363 0 127
446788 453685 0 127
58849 65746 0 127
504471 511368 0 127
382453 389350 0 127
597687 604584 0 127
581331 588228 0 127
209546 216443 0 127
529237 536134 0 127
433481 440378 0 127
508480 515377 0 127
374121 381018 0 127
434555 441452 0 127
362889 369786 0 127
1661 8558 0 127
564635 571532 0 127
566345 573242 0 127
653776 660673 0 127
642202 649099 0 127
347222 354119 0 127
480401 487298 0 127
628993 635890 0 127
29333 36230 0 127
240758 247655 0 127
666234 673131 0 127
185819 192716 0 127
577509 584406 0 127
612851 619748 0 127
189565 196462 0 127
96051 102948 0 127
577795 584692 0 127
267695 274592 0 127
34035 40932 0 127
73875 80772 0 127
87277 94174 0 127
17501 24398 0 127
475003 481900 0 127
15267 22164 0 127
294856 301753 0 127
261681 268578 0 127
281691 288588 0 127
114807 121704 0 127
655152 662049 0 127
193577 200474 0 127
361153 368050 0 127
304385 311282 0 127
72892 79789 0 127
175605 182502 0 127
167379 174276 0 127
267613 274510 0 127
552998 559895 0 127
176312 183209 0 127
286171 293068 0 127
679689 686586 0 127
308798 315695 0 127
476789 483686 0 127
337643 344540 0 127
520611 527508 0 127
496784 503681 0 127
119737 126634 0 127
24782 31679 0 127
327160 334057 0 127
405334 412231 0 127
360020 366917 0 127
441365 448262 0 127
197173 204070 0 127
270973 277870 0 127
114044 120941 0 127
265770 272667 0 127
534895 541792 0 127
219247 226144 0 127
635068 641965 0 127
452623 459520 0 127
21829 28726 0 127
236321 243218 0 127
18732 25629 0 127
416615 423512 0 127
153576 160473 0 127
37042 43939 0 127
168010 174907 0 127
467317 474214 0 127
530903 537800 0 127
447390 454287 0 127
571161 578058 0 127
231315 238212 0 127
661412 668309 0 127
541693 548590 0 127
472745 479642 0 127
234037 240934 0 127
549344 556241 0 127
680008 686905 0 127
32191 39088 0 127
414080 420977 0 127
603818 610715 0 127
336850 343747 0 127
661596 668493 0 127
447007 453904 0 127
61640 68537 0 127
313111 320008 0 127
131788 138685 0 127
222436 229333 0 127
49744 56641 0 127
321269 328166 0 127
74162 81059 0 127
80159 87056 0 127
325439 332336 0 127
312349 319246 0 127
165892 172789 0 127
436388 443285 0 127
592383 599280 0 127
264616 271513 0 127
136725 143622 0 127
8892 15789 0 127
587954 594851 0 127
39758 46655 0 127
619272 626169 0 127
228160 235057 0 127
597982 604879 0 127
483238 490135 0 127
179848 186745 0 127
653223 660120 0 127
533592 540489 0 127
39241 46138 0 127
396329 403226 0 127
210142 217039 0 127
363783 370680 0 127
103835 110732 0 127
215756 222653 0 127
601235 608132 0 127
453981 460878 0 127
620137 627034 0 127
203548 210445 0 127
516267 523164 0 127
109496 116393 0 127
