2
689834 20
140891 147788 0 19
596853 603750 0 19
66172 73069 0 19
267459 274356 0 19
123646 130543 0 19
519501 526398 0 19
471325 478222 0 19
495185 502082 0 19
398055 404952 0 19
220153 227050 0 19
98418 105315 0 19
511554 518451 0 19
29724 36621 0 19
408744 415641 0 19
453789 460686 0 19
636944 643841 0 19
2208 9105 0 19
467022 473919 0 19
279267 286164 0 19
239874 246771 0 19
619869 626766 0 19
107192 114089 0 19
332849 339746 0 19
32075 38972 0 19
23406 30303 0 19
26681 33578 0 19
681098 687995 0 19
567712 574609 0 19
9652 16549 0 19
399721 406618 0 19
227120 234017 0 19
442621 449518 0 19
30451 37348 0 19
553259 560156 0 19
232460 239357 0 19
459158 466055 0 19
519896 526793 0 19
579715 586612 0 19
244406 251303 0 19
362493 369390 0 19
242081 248978 0 19
229408 236305 0 19
481929 488826 0 19
303858 310755 0 19
22533 29430 0 19
436396 443293 0 19
583484 590381 0 19
673494 680391 0 19
104857 111754 0 19
194936 201833 0 19
659924 666821 0 19
310787 317684 0 19
126762 133659 0 19
348856 355753 0 19
525126 532023 0 19
442611 449508 0 19
532380 539277 0 19
199071 205968 0 19
318104 325001 0 19
297962 304859 0 19
616122 623019 0 19
523619 530516 0 19
529828 536725 0 19
412461 419358 0 19
617613 624510 0 19
36202 43099 0 19
503554 510451 0 19
254531 261428 0 19
423926 430823 0 19
434439 441336 0 19
181411 188308 0 19
384957 391854 0 19
575457 582354 0 19
392904 399801 0 19
90667 97564 0 19
460284 467181 0 19
533123 540020 0 19
113174 120071 0 19
171650 178547 0 19
546243 553140 0 19
412357 419254 0 19
388521 395418 0 19
513480 520377 0 19
31011 37908 0 19
492117 499014 0 19
45599 52496 0 19
323516 330413 0 19
644675 651572 0 19
621998 628895 0 19
606261 613158 0 19
412719 419616 0 19
678592 685489 0 19
178624 185521 0 19
176783 183680 0 19
526635 533532 0 19
237961 244858 0 19
12899 19796 0 19
209208 216105 0 19
565829 572726 0 19
574974 581871 0 19
243454 250351 0 19
424101 430998 0 19
538728 545625 0 19
360527 367424 0 19
605861 612758 0 19
370434 377331 0 19
481434 488331 0 19
282359 289256 0 19
574615 581512 0 19
638524 645421 0 19
5986 12883 0 19
402327 409224 0 19
537395 544292 0 19
135527 142424 0 19
543873 550770 0 19
588626 595523 0 19
215466 222363 0 19
446788 453685 0 19
58849 65746 0 19
504471 511368 0 19
382453 389350 0 19
597687 604584 0 19
581331 588228 0 19
209546 216443 0 19
529237 536134 0 19
433481 440378 0 19
508480 515377 0 19
374121 381018 0 19
434555 441452 0 19
362889 369786 0 19
1661 8558 0 19
564635 571532 0 19
566345 573242 0 19
653776 660673 0 19
642202 649099 0 19
347222 354119 0 19
480401 487298 0 19
628993 635890 0 19
29333 36230 0 19
240758 247655 0 19
666234 673131 0 19
185819 192716 0 19
577509 584406 0 19
612851 619748 0 19
189565 196462 0 19
96051 102948 0 19
577795 584692 0 19
267695 274592 0 19
34035 40932 0 19
73875 80772 0 19
87277 94174 0 19
17501 24398 0 19
475003 481900 0 19
15267 22164 0 19
294856 301753 0 19
261681 268578 0 19
281691 288588 0 19
114807 121704 0 19
655152 662049 0 19
193577 200474 0 19
361153 368050 0 19
304385 311282 0 19
72892 79789 0 19
175605 182502 0 19
167379 174276 0 19
267613 274510 0 19
552998 559895 0 19
176312 183209 0 19
286171 293068 0 19
679689 686586 0 19
308798 315695 0 19
476789 483686 0 19
337643 344540 0 19
520611 527508 0 19
496784 503681 0 19
119737 126634 0 19
24782 31679 0 19
327160 334057 0 19
405334 412231 0 19
360020 366917 0 19
441365 448262 0 19
197173 204070 0 19
270973 277870 0 19
114044 120941 0 19
265770 272667 0 19
534895 541792 0 19
219247 226144 0 19
635068 641965 0 19
452623 459520 0 19
21829 28726 0 19
236321 243218 0 19
18732 25629 0 19
416615 423512 0 19
153576 160473 0 19
37042 43939 0 19
168010 174907 0 19
467317 474214 0 19
530903 537800 0 19
447390 454287 0 19
571161 578058 0 19
231315 238212 0 19
661412 668309 0 19
541693 548590 0 19
472745 479642 0 19
234037 240934 0 19
549344 556241 0 19
680008 686905 0 19
32191 39088 0 19
414080 420977 0 19
603818 610715 0 19
336850 343747 0 19
661596 668493 0 19
447007 453904 0 19
61640 68537 0 19
313111 320008 0 19
131788 138685 0 19
222436 229333 0 19
49744 56641 0 19
321269 328166 0 19
74162 81059 0 19
80159 87056 0 19
325439 332336 0 19
312349 319246 0 19
165892 172789 0 19
436388 443285 0 19
592383 599280 0 19
264616 271513 0 19
136725 143622 0 19
8892 15789 0 19
587954 594851 0 19
39758 46655 0 19
619272 626169 0 19
228160 235057 0 19
597982 604879 0 19
483238 490135 0 19
179848 186745 0 19
653223 660120 0 19
533592 540489 0 19
39241 46138 0 19
396329 403226 0 19
210142 217039 0 19
363783 370680 0 19
103835 110732 0 19
215756 222653 0 19
601235 608132 0 19
453981 460878 0 19
620137 627034 0 19
203548 210445 0 19
516267 523164 0 19
109496 116393 0 19
