1
689834
140891 147788
596853 603750
66172 73069
267459 274356
123646 130543
519501 526398
471325 478222
495185 502082
398055 404952
220153 227050
98418 105315
511554 518451
29724 36621
408744 415641
453789 460686
636944 643841
2208 9105
467022 473919
279267 286164
239874 246771
619869 626766
107192 114089
332849 339746
32075 38972
23406 30303
26681 33578
681098 687995
567712 574609
9652 16549
399721 406618
227120 234017
442621 449518
30451 37348
553259 560156
232460 239357
459158 466055
519896 526793
579715 586612
244406 251303
362493 369390
242081 248978
229408 236305
481929 488826
303858 310755
22533 29430
436396 443293
583484 590381
673494 680391
104857 111754
194936 201833
659924 666821
310787 317684
126762 133659
348856 355753
525126 532023
442611 449508
532380 539277
199071 205968
318104 325001
297962 304859
616122 623019
523619 530516
529828 536725
412461 419358
617613 624510
36202 43099
503554 510451
254531 261428
423926 430823
434439 441336
181411 188308
384957 391854
575457 582354
392904 399801
90667 97564
460284 467181
533123 540020
113174 120071
171650 178547
546243 553140
412357 419254
388521 395418
513480 520377
31011 37908
492117 499014
45599 52496
323516 330413
644675 651572
621998 628895
606261 613158
412719 419616
678592 685489
178624 185521
176783 183680
526635 533532
237961 244858
12899 19796
209208 216105
565829 572726
574974 581871
243454 250351
424101 430998
538728 545625
360527 367424
605861 612758
370434 377331
481434 488331
282359 289256
574615 581512
638524 645421
5986 12883
402327 409224
537395 544292
135527 142424
543873 550770
588626 595523
215466 222363
446788 453685
58849 65746
504471 511368
382453 389350
597687 604584
581331 588228
209546 216443
529237 536134
433481 440378
508480 515377
374121 381018
434555 441452
362889 369786
1661 8558
564635 571532
566345 573242
653776 660673
642202 649099
347222 354119
480401 487298
628993 635890
29333 36230
240758 247655
666234 673131
185819 192716
577509 584406
612851 619748
189565 196462
96051 102948
577795 584692
267695 274592
34035 40932
73875 80772
87277 94174
17501 24398
475003 481900
15267 22164
294856 301753
261681 268578
281691 288588
114807 121704
655152 662049
193577 200474
361153 368050
304385 311282
72892 79789
175605 182502
167379 174276
267613 274510
552998 559895
176312 183209
286171 293068
679689 686586
308798 315695
476789 483686
337643 344540
520611 527508
496784 503681
119737 126634
24782 31679
327160 334057
405334 412231
360020 366917
441365 448262
197173 204070
270973 277870
114044 120941
265770 272667
534895 541792
219247 226144
635068 641965
452623 459520
21829 28726
236321 243218
18732 25629
416615 423512
153576 160473
37042 43939
168010 174907
467317 474214
530903 537800
447390 454287
571161 578058
231315 238212
661412 668309
541693 548590
472745 479642
234037 240934
549344 556241
680008 686905
32191 39088
414080 420977
603818 610715
336850 343747
661596 668493
447007 453904
61640 68537
313111 320008
131788 138685
222436 229333
49744 56641
321269 328166
74162 81059
80159 87056
325439 332336
312349 319246
165892 172789
436388 443285
592383 599280
264616 271513
136725 143622
8892 15789
587954 594851
39758 46655
619272 626169
228160 235057
597982 604879
483238 490135
179848 186745
653223 660120
533592 540489
39241 46138
396329 403226
210142 217039
363783 370680
103835 110732
215756 222653
601235 608132
453981 460878
620137 627034
203548 210445
516267 523164
109496 116393
